1
tag_pistolgrip_attach
-1
0.000000 0.000000 0.000000
1
WraithMesh00
1
1
attachment_vm_griptape03_papa90_v11
0
72
-1.104901 -0.000001 -5.455922
-0.026404 -0.000993 -0.999651
255 255 255 255
0.499512 0.522461
0 0 0 0
1.000000 0.000000 0.000000 0.000000
-1.125220 -0.363220 -5.427980
-0.057004 -0.179276 -0.982146
255 255 255 255
0.535156 0.524414
0 0 0 0
1.000000 0.000000 0.000000 0.000000
-1.056642 -0.000001 -5.458460
0.965951 0.001401 -0.258721
255 255 255 255
0.499512 0.527344
0 0 0 0
1.000000 0.000000 0.000000 0.000000
-1.125220 0.363218 -5.427980
-0.054900 0.179584 -0.982209
255 255 255 255
0.464111 0.524414
0 0 0 0
1.000000 0.000000 0.000000 0.000000
-1.209041 -0.800100 -5.293361
-0.147793 -0.368123 -0.917956
255 255 255 255
0.580078 0.533203
0 0 0 0
1.000000 0.000000 0.000000 0.000000
-1.076961 -0.370840 -5.427980
0.949775 -0.183565 -0.253438
255 255 255 255
0.534668 0.529297
0 0 0 0
1.000000 0.000000 0.000000 0.000000
-1.076961 0.370838 -5.427980
0.951159 0.183904 -0.247944
255 255 255 255
0.464600 0.529297
0 0 0 0
1.000000 0.000000 0.000000 0.000000
0.187959 -0.000001 -2.529841
0.920633 -0.003592 -0.390412
255 255 255 255
0.499268 0.825684
0 0 0 0
1.000000 0.000000 0.000000 0.000000
-1.209041 0.800100 -5.293361
-0.149238 0.367630 -0.917919
255 255 255 255
0.418945 0.532715
0 0 0 0
1.000000 0.000000 0.000000 0.000000
0.132078 0.584200 -2.491741
0.886719 0.266764 -0.377581
255 255 255 255
0.440674 0.829102
0 0 0 0
1.000000 0.000000 0.000000 0.000000
-1.163319 0.815340 -5.293361
0.876046 0.422781 -0.231948
255 255 255 255
0.420166 0.537598
0 0 0 0
1.000000 0.000000 0.000000 0.000000
0.132078 -0.584200 -2.491741
0.885594 -0.265615 -0.381015
255 255 255 255
0.558105 0.829102
0 0 0 0
1.000000 0.000000 0.000000 0.000000
0.154940 -0.000001 -2.496821
0.707879 0.000298 0.706334
255 255 255 255
0.499268 0.830566
0 0 0 0
1.000000 0.000000 0.000000 0.000000
-1.163319 -0.815342 -5.293361
0.874740 -0.425403 -0.232084
255 255 255 255
0.579102 0.537598
0 0 0 0
1.000000 0.000000 0.000000 0.000000
-1.325881 -1.074421 -5.118100
-0.290395 -0.494536 -0.819210
255 255 255 255
0.611816 0.542480
0 0 0 0
1.000000 0.000000 0.000000 0.000000
-1.282699 -1.097281 -5.120640
0.788792 -0.576738 -0.212559
255 255 255 255
0.610352 0.546875
0 0 0 0
1.000000 0.000000 0.000000 0.000000
-0.017781 -1.064261 -2.339340
0.775939 -0.528297 -0.344703
255 255 255 255
0.611328 0.846680
0 0 0 0
1.000000 0.000000 0.000000 0.000000
-0.038101 -1.026162 -2.313941
0.917979 0.289096 0.271548
255 255 255 255
0.606934 0.850098
0 0 0 0
1.000000 0.000000 0.000000 0.000000
0.099058 -0.574040 -2.456180
0.725384 -0.019628 0.688064
255 255 255 255
0.557129 0.833984
0 0 0 0
1.000000 0.000000 0.000000 0.000000
0.099058 0.574038 -2.456180
0.725384 0.019628 0.688064
255 255 255 255
0.441406 0.833984
0 0 0 0
1.000000 0.000000 0.000000 0.000000
-0.038101 1.026160 -2.313941
0.917979 -0.289096 0.271548
255 255 255 255
0.391846 0.850098
0 0 0 0
1.000000 0.000000 0.000000 0.000000
-0.017781 1.064259 -2.339340
0.777586 0.527860 -0.341648
255 255 255 255
0.387451 0.846680
0 0 0 0
1.000000 0.000000 0.000000 0.000000
-1.282699 1.097278 -5.120640
0.789692 0.576730 -0.209211
255 255 255 255
0.388916 0.546875
0 0 0 0
1.000000 0.000000 0.000000 0.000000
-1.325881 1.074419 -5.118100
-0.289551 0.498673 -0.816998
255 255 255 255
0.387207 0.542480
0 0 0 0
1.000000 0.000000 0.000000 0.000000
0.279399 1.353819 -1.120141
0.659485 0.715404 -0.230817
255 255 255 255
0.347168 0.963867
0 0 0 0
1.000000 0.000000 0.000000 0.000000
-1.551940 1.470659 -4.737102
0.545855 0.823355 -0.155334
255 255 255 255
0.334229 0.567383
0 0 0 0
1.000000 0.000000 0.000000 0.000000
0.408939 1.173479 -1.176020
0.744114 0.600310 -0.293123
255 255 255 255
0.366943 0.961426
0 0 0 0
1.000000 0.000000 0.000000 0.000000
0.393699 1.135380 -1.150620
0.932862 -0.188971 0.306689
255 255 255 255
0.370605 0.965332
0 0 0 0
1.000000 0.000000 0.000000 0.000000
0.254000 1.323340 -1.089662
0.613795 0.271514 0.741307
255 255 255 255
0.347168 0.968750
0 0 0 0
1.000000 0.000000 0.000000 0.000000
0.010160 1.579879 -1.003302
0.479193 0.870737 -0.110415
255 255 255 255
0.309326 0.963867
0 0 0 0
1.000000 0.000000 0.000000 0.000000
-1.811022 1.673860 -4.378960
0.302721 0.948923 -0.088912
255 255 255 255
0.289795 0.587402
0 0 0 0
1.000000 0.000000 0.000000 0.000000
-1.836421 1.633218 -4.384042
-0.557197 0.474575 -0.681403
255 255 255 255
0.288086 0.582520
0 0 0 0
1.000000 0.000000 0.000000 0.000000
-1.587502 1.437640 -4.739642
-0.452310 0.526804 -0.719648
255 255 255 255
0.332520 0.562988
0 0 0 0
1.000000 0.000000 0.000000 0.000000
-0.002542 1.541780 -0.975362
0.550518 0.329235 0.767160
255 255 255 255
0.309082 0.969238
0 0 0 0
1.000000 0.000000 0.000000 0.000000
-0.246381 1.704339 -0.889002
0.266075 0.963751 -0.019693
255 255 255 255
0.278076 0.963379
0 0 0 0
1.000000 0.000000 0.000000 0.000000
-2.156461 1.744978 -4.053840
0.052540 0.998562 -0.010665
255 255 255 255
0.242432 0.601563
0 0 0 0
1.000000 0.000000 0.000000 0.000000
-2.171701 1.701799 -4.066543
-0.588943 0.403056 -0.700494
255 255 255 255
0.240967 0.596680
0 0 0 0
1.000000 0.000000 0.000000 0.000000
-0.525779 1.744978 -0.767082
0.074181 0.994432 0.074852
255 255 255 255
0.247314 0.962891
0 0 0 0
1.000000 0.000000 0.000000 0.000000
-3.373120 1.742438 -3.017522
-0.009213 0.999958 0.000435
255 255 255 255
0.092041 0.649902
0 0 0 0
1.000000 0.000000 0.000000 0.000000
-0.251461 1.663700 -0.866142
0.465184 0.364378 0.806742
255 255 255 255
0.277832 0.968262
0 0 0 0
1.000000 0.000000 0.000000 0.000000
-0.520702 1.701799 -0.749300
0.395241 0.375998 0.838099
255 255 255 255
0.247314 0.967773
0 0 0 0
1.000000 0.000000 0.000000 0.000000
-1.701802 1.744978 -0.251461
0.014559 0.995646 0.092075
255 255 255 255
0.124878 0.960938
0 0 0 0
1.000000 0.000000 0.000000 0.000000
-3.408682 1.742438 -2.794002
-0.014774 0.999840 0.010127
255 255 255 255
0.079468 0.668945
0 0 0 0
1.000000 0.000000 0.000000 0.000000
-3.388360 1.696719 -3.027682
-0.801572 0.397476 -0.446649
255 255 255 255
0.088623 0.645508
0 0 0 0
1.000000 0.000000 0.000000 0.000000
-1.701802 1.701799 -0.231142
0.048066 0.393431 0.918097
255 255 255 255
0.123047 0.965820
0 0 0 0
1.000000 0.000000 0.000000 0.000000
-1.927862 1.701799 -0.304800
-0.570929 0.392198 0.721263
255 255 255 255
0.104370 0.949219
0 0 0 0
1.000000 0.000000 0.000000 0.000000
-1.917702 1.744978 -0.320040
0.002820 0.996335 0.085493
255 255 255 255
0.109070 0.946289
0 0 0 0
1.000000 0.000000 0.000000 0.000000
-3.428999 1.696719 -2.788920
-0.903353 0.392395 0.173143
255 255 255 255
0.074219 0.667480
0 0 0 0
1.000000 0.000000 0.000000 0.000000
0.408939 -1.173481 -1.176020
0.741553 -0.600326 -0.299513
255 255 255 255
0.631836 0.961914
0 0 0 0
1.000000 0.000000 0.000000 0.000000
0.393699 -1.135382 -1.150620
0.932862 0.188970 0.306689
255 255 255 255
0.627930 0.965820
0 0 0 0
1.000000 0.000000 0.000000 0.000000
0.279399 -1.353822 -1.120141
0.658811 -0.716004 -0.230880
255 255 255 255
0.651367 0.963867
0 0 0 0
1.000000 0.000000 0.000000 0.000000
0.254000 -1.323340 -1.089662
0.615578 -0.271586 0.739801
255 255 255 255
0.651367 0.969238
0 0 0 0
1.000000 0.000000 0.000000 0.000000
-1.551940 -1.470662 -4.737102
0.543228 -0.825068 -0.155455
255 255 255 255
0.665039 0.567871
0 0 0 0
1.000000 0.000000 0.000000 0.000000
0.010160 -1.579882 -1.003302
0.477659 -0.871136 -0.113859
255 255 255 255
0.689453 0.964355
0 0 0 0
1.000000 0.000000 0.000000 0.000000
-0.002542 -1.541780 -0.975362
0.550518 -0.329235 0.767160
255 255 255 255
0.689453 0.969238
0 0 0 0
1.000000 0.000000 0.000000 0.000000
-1.811022 -1.673862 -4.378960
0.302721 -0.948923 -0.088912
255 255 255 255
0.708984 0.587402
0 0 0 0
1.000000 0.000000 0.000000 0.000000
-0.246381 -1.704341 -0.889002
0.266075 -0.963751 -0.019693
255 255 255 255
0.720215 0.963379
0 0 0 0
1.000000 0.000000 0.000000 0.000000
-1.836421 -1.633220 -4.384042
-0.557541 -0.472180 -0.682784
255 255 255 255
0.710938 0.583008
0 0 0 0
1.000000 0.000000 0.000000 0.000000
-1.587502 -1.437640 -4.739642
-0.451418 -0.527513 -0.719689
255 255 255 255
0.666504 0.563477
0 0 0 0
1.000000 0.000000 0.000000 0.000000
-2.156461 -1.744981 -4.053840
0.050808 -0.998663 -0.009564
255 255 255 255
0.756836 0.602051
0 0 0 0
1.000000 0.000000 0.000000 0.000000
-0.251461 -1.663702 -0.866142
0.465367 -0.366841 0.805519
255 255 255 255
0.720703 0.968262
0 0 0 0
1.000000 0.000000 0.000000 0.000000
-0.525779 -1.744981 -0.767082
0.074890 -0.994381 0.074814
255 255 255 255
0.751465 0.963379
0 0 0 0
1.000000 0.000000 0.000000 0.000000
-3.373120 -1.742441 -3.017522
-0.010513 -0.999939 0.003286
255 255 255 255
0.904785 0.653809
0 0 0 0
1.000000 0.000000 0.000000 0.000000
-2.171701 -1.701801 -4.066543
-0.589681 -0.400618 -0.701271
255 255 255 255
0.758301 0.597168
0 0 0 0
1.000000 0.000000 0.000000 0.000000
-0.520702 -1.701801 -0.749300
0.395712 -0.375621 0.838046
255 255 255 255
0.751465 0.968262
0 0 0 0
1.000000 0.000000 0.000000 0.000000
-1.701802 -1.744981 -0.251461
0.015727 -0.995489 0.093565
255 255 255 255
0.875977 0.954102
0 0 0 0
1.000000 0.000000 0.000000 0.000000
-3.408682 -1.742441 -2.794002
-0.019073 -0.999781 0.008594
255 255 255 255
0.916016 0.672852
0 0 0 0
1.000000 0.000000 0.000000 0.000000
-3.388360 -1.696721 -3.027682
-0.800763 -0.396230 -0.449200
255 255 255 255
0.908691 0.649902
0 0 0 0
1.000000 0.000000 0.000000 0.000000
-1.701802 -1.701801 -0.231142
0.049053 -0.393612 0.917967
255 255 255 255
0.877930 0.958496
0 0 0 0
1.000000 0.000000 0.000000 0.000000
-1.927862 -1.701801 -0.304800
-0.572049 -0.393414 0.719712
255 255 255 255
0.894531 0.940918
0 0 0 0
1.000000 0.000000 0.000000 0.000000
-1.917702 -1.744981 -0.320040
0.005832 -0.996375 0.084874
255 255 255 255
0.890137 0.938965
0 0 0 0
1.000000 0.000000 0.000000 0.000000
-3.428999 -1.696721 -2.788920
-0.903353 -0.392395 0.173143
255 255 255 255
0.920898 0.671875
0 0 0 0
1.000000 0.000000 0.000000 0.000000
106
0 1 2
0 2 3
1 4 5
1 5 2
2 6 3
2 7 6
5 7 2
3 6 8
6 7 9
10 6 9
6 10 8
7 11 12
7 12 9
5 11 7
13 11 5
4 13 5
4 14 15
4 15 13
13 16 11
15 16 13
11 16 17
18 11 17
18 12 11
12 19 9
9 20 21
19 20 9
10 9 21
22 10 21
8 10 22
8 22 23
22 21 24
25 22 24
23 22 25
21 26 24
21 20 26
26 20 27
28 26 27
24 26 28
29 25 24
29 24 28
30 25 29
31 25 30
32 25 31
23 25 32
33 29 28
34 30 29
34 29 33
35 30 34
31 30 35
31 35 36
37 35 34
38 35 37
36 35 38
39 34 33
37 34 39
40 37 39
41 38 37
41 37 40
42 38 41
43 38 42
36 38 43
44 41 40
45 41 44
46 42 41
46 41 45
47 42 46
43 42 47
47 46 45
17 48 49
17 16 48
50 48 16
51 48 50
49 48 51
15 50 16
52 50 15
53 50 52
53 51 50
54 51 53
55 53 52
56 53 55
54 53 56
57 55 52
58 57 52
14 58 52
14 52 15
59 56 55
57 59 55
60 54 56
61 56 59
60 56 61
62 61 59
63 62 59
57 63 59
64 60 61
65 61 62
64 61 65
66 65 62
67 66 62
63 67 62
68 64 65
69 68 65
70 65 66
69 65 70
71 70 66
67 71 66
71 69 70
